1001000100001100
1000100111110111
1001000100000111
1000100111110110
1000000111110111
1000100111110100
1000000111110110
1000100111110011
1000000111110011
1000001011110100
1110100101000000
1011011100001110
1001000100000000
1001111100001111
1001000100000001
1111000100000000
1010011100011010
1000000111110111
1000100111110010
1000000111110110
1000100111110001
1000000111110010
1000001011110001
0001000101000000
1000100111110101
1001111100100010
1000000111110110
1000100111110000
1000000111110111
1000100111101111
1000000111110000
1000001011101111
0001000101000000
1000100111110101
1000000111110101
1000100111111111
1001000100000000
1000100111101110
1000011011101110
1001111100101000
1001111100101000
